22222222222222222222222222222222222212222222222222222221222221222222222222222221222222222222222222222222222222222222222
22222222222222222222222222222222222212222222222222222221222221222222222222222221222222222222222222222222222222222222222
22222222222222222222222222222222222212222222222222222221111111222222222222222221222222222222222222222222222222222222222
22222222222222222222222222222222222212222222222222222221222211222222222222222221222222222222222222222222222222222222222
22222222222222222222222222222222222212222222222222222221222211222222222222222221222222222222222222222222222222222222222
22222222222222222222222222222222222212222222222222222221122111122222222222222221222222222222222222222222222222222222222
22222222222222222222222222222222222212222222222222222221222222122222222222222221222222222222222222222222222222222222222
22222222222222222222222222222222222212222222222222221112222222211122222222222221222222222222222222222222222222222222222
22222222222222222222222222222222222212222222222222111222222222222112222222222221222222222222222222222222222222222222222
22222222222222222222222222222222222212222222222222122222222222222212222222222221222222222222222222222222222222222222222
22222222222222222222222222222222222212222222222222122222222222222212222222222221222222222222222222222222222222222222222
22222222222222222222222222222222222212222222222222122222222222222212222222222221222222222222222222222222222222222222222
22222222222222222222222222222222222212222222222222122222222222222212222222222221222222222222222222222222222222222222222
22222222222222222222222222222222222212222222222222122222222222222212222222222221222222222222222222222222222222222222222
22222222222222222222222222222222222212222222222222122222222222222212222222222221222222222222222222222222222222222222222
22222222222222222222222222222222222212222222222222122222222222222212222222222221222222222222222222222222222222222222222
22222222222222222222222222222222222212222222222222122222222222222212222222222221222222222222222222222222222222222222222
22222222222222222222222222222222222212222222222222122222222222222212222222222221222222222222222222222222222222222222222
22222222222222222222222222222222222212222222222222122222222222221112222222222221222222222222222222222222222222222222222
22222222222222222222222222222222222212222222222222122222222222221112222222222221222222222222222222222222222222222222222
22222222222222222222222222222222222212222222222222122222222222221112222222222221222222222222222222222222222222222222222
22222222222222222222222222222222222212222222222222122222222222222212222222222222122222222222222222222222222222222222222
22222222222222222222222222222222222212222222222222122222222222222212222222222222122222222222222222222222222222222222222
22222222222222222222222222222222222212222222222222122222222222222212222222222222122222222222222222222222222222222222222
22222222222222222222222222222222222212222222222222122222222222222212222222222222122222222222222222222222222222222222222
22222222222222222222222222222222222212222222222222122222222222222212222222222222122222222222222222222222222222222222222
22222222222222222222222222222222222212222222222222122222222222222212222222222222122222222222222222222222222222222222222
22222222222222222222222222222222222212222222222222122222222222222212222222222222122222222222222222222222222222222222222
22222222222222222222222222222222222212222222222222122222222222222212222222222212122222222222222222222222222222222222222
22222222222222222222222222222222222212222222222222122222222222222212222222222222122222222222222222222222222222222222222
22222222222222222222222222222222222212222222222222122222222222222212222222222222122222222222222222222222222222222222222
22222222222222222222222222222222222212222222222222122222222222222212222222222222122222222222222222222222222222222222222
22222222222222222222222222222222222212222222222222122222222222222212222222222222122222222222222222222222222222222222222
22222222222222222222222222222222222212222222222222122222222222222212222222222222122222222222222222222222222222222222222
22222222222222222222222222222222222212222222222222122222222222222212222222222222122222222222222222222222222222222222222
22222222222222222222222222222222222212222222222222122222222222222212222222222222122222222222222222222222222222222222222
22222222222222222222222222222222222212222222222222122222222222222212222222222222122222222222222222222222222222222222222
22222222222222222222222222222222222212222222222222122222222222222212222222222222122222222222222222222222222222222222222
22222222222222222222222222222222222212222222222222122222222222222212222222222222122222222222222222222222222222222222222
22222222222222222222222222222222222212222222222222122222222222222212222222222222122222222222222222222222222222222222222
22222222222222222222222222222222222212222222222222122222222222222212222222222222122222222222222222222222222222222222222
22222222222222222222222222222222222212222222222222122222222222222212222222222222122222222222222222222222222222222222222
22222222222222222222222222222222222212222222222222122222222222222212222222222222122222222222222222222222222222222222222
22222222222222222222222222222222222212222222222222122222222222222212222222222222122222222222222222222222222222222222222
22222222222222222222222222222222222212222222222222122222222222222212222222222222122222222222222222222222222222222222222
22222222222222222222222222222222222212222222222222111222222222222212222222222222122222222222222222222222222222222222222
22222222222222222222222222222222222212222222222222111222222222222212222222222222122222222222222222222222222222222222222
22222222222222222222222222222222222212222222222222111222222222222212222222222222122222222222222222222222222222222222222
22222222222222222222222222222222222212222222222222122222222222222212222222222222122222222222222222222222222222222222222
22222222222222222222222222222222222212222222222222122222222222222212222222222222122222222222222222222222222222222222222
22222222222222222222222222222222222212222222222222122222222222222212222222222222122222222222222222222222222222222222222
22222222222222222222222222222222222212222222222222122222222222222212222222222222122222222222222222222222222222222222222
22222222222222222222222222222222222212222222222222122222222222222212222222222222122222222222222222222222222222222222222
22222222222222222222222222222222222212222222222222122222222222222212222222222222122222222222222222222222222222222222222
22222222222222222222222222222222222212222222222222122222222222222212222222222222122222222222222222222222222222222222222
22222222222222222222222222222222222212222222222222122222222222222212222222222222122222222222222222222222222222222222222
22222222222222222222222222222222222212222222222222122222222222222212222222222222122222222222222222222222222222222222222
22222222222222222222222222222222222212222222222222122222222222222212222222222222122222222222222222222222222222222222222
22222222222222222222222222222222222212222222222222122222222222222212222222222222122222222222222222222222222222222222222
22222222222222222222222222222222222212222222222222122222222222222212222222222222122222222222222222222222222222222222222
22222222222222222222222222222222222212222222222222122222222222222212222222222222122222222222222222222222222222222222222
22222222222222222222222222222222222212222222222222122222222222222212222222222222122222222222222222222222222222222222222
22222222222222222222222222222222222212222222222222122222222222222212222222222222122222222222222222222222222222222222222
22222222222222222222222222222222222212222222222222122222222222222212222222222222122222222222222222222222222222222222222
22222222222222222222222222222222222212222222222222122222222222222212222222222222122222222222222222222222222222222222222
22222222222222222222222222222222222212222222222222122222222222222212222222222222122222222222222222222222222222222222222
22222222222222222222222222222222222212222222222222122222222222222212222222222222122222222222222222222222222222222222222
22222222222222222222222222222222222212222222222222122222222222222212222222222222122222222222222222222222222222222222222
22222222222222222222222222222222222212222222222222122222222222222212222222222222122222222222222222222222222222222222222
22222222222222222222222222222222222211111111111111111111111111111111111111111111122222222222222222222222222222222222222
