22222222222222222222222222222222222222222222222222222222222222222222222222222222222222222222222222222222222222222222222
22222222222222222222222222222222222222222222222222222222222222222222222222222222222222222222222222222222222222222222222
22222222222222222222222222222222222222222222222222222222222222222222222222222222222222222222222222222222222222222222222
22222222222222222222222222222222222222222222222222222222222222222222222222222222222222222222222222222222222222222222222
22222222222222222222222222222222222222222222222222222222222222222222222222222222222222222222222222222222222222222222222
22222222222222222222222222222222222222222222222222222222222222222222222222222222222222222222222222222222222222222222222
22222222222222222222222222222222222222222222222222222222222222222222222222222222222222222222222222222222222222222222222
22222222222222222222222222222222222222222222222222222222222222222222222222222222222222222222222222222222222222222222222
22222222222222222222222222222222222222222222222222222222222222222222222222222222222222222222222222222222222222222222222
22222222222222222222222222222222222222222222222222222222222222222222222222222222222222222222222222222222222222222222222
22222222222222222222222222222222222222222222222222222222222222222222222222222222222222222222222222222222222222222222222
22222222222222222222222222222222222222222222222222222222222222222222222222222222222222222222222222222222222222222222222
22222222222222222222222222222222222222222222222222222222222222222222222222222222222222222222222222222222222222222222222
22222222222222222222222222222222222222222222222222222222222222222222222222222222222222222222222222222222222222222222222
22222222222222222222222222222222222222222222222222222222222222222222222222222222222222222222222222222222222222222222222
22222222222222222222222222222222222222222222222222222222222222222222222222222222222222222222222222222222222222222222222
22222222222222222222222222222222222222222222222222222222222222222222222222222222222222222222222222222222222222222222222
22222222222222222222222222222222222222222222222222222211111111222222222222222222222222222222222222222222222222222222222
22222222222222222222222222222222222222222222222222222111111111222222222222222222222222222222222222222222222222222222222
22222222222222222222222222222222222222222222222222221111111111112222222222222222222222222222222222222222222222222222222
22222222222222222222222222222222222222222222222222212222222222221222222222222222222222222222222222222222222222222222222
11111111111111111111111111111122222222222222222222212222222222222122222222222222222222111111111111111111111111111111111
22222222222222222222222222222211222222222222222222212222222222222122222222222222222221122222222222222222222222222222222
22222222222222222222222222222222122222222222222222212222222222222122222222222222222211222222222222222222222222222222222
22222222222222222222222222222222122222222222222222212222222222222122222222222222222112222222222222222222222222222222222
22222222222222222222222222222222112222222222222222212222222222222122222222222222221122222222222222222222222222222222222
22222222222222222222222222222222211222222222222222212222222222222122222222222222211222222222222222222222222222222222222
22222222222222222222222222222222221122222222222222212222222222222122222222222222112222222222222222222222222222222222222
22222222222222222222222222222222222112222222222222212222222222222122222222222221122222222222222222222222222222222222222
22222222222222222222222222222222222211222222222222212222222222222122222222222211222222222222222222222222222222222222222
22222222222222222222222222222222222221122222222222212222222222222122222222222112222222222222222222222222222222222222222
22222222222222222222222222222222222222112222222222212222222222222122222222221122222222222222222222222222222222222222222
22222222222222222222222222222222222222211111111111112222222222222111111111111222222222222222222222222222222222222222222
22222222222222222222222222222222222222222222222222222222222222222222222222222222222222222222222222222222222222222222222
22222222222222222222222222222222222222222222222222222222222222222222222222222222222222222222222222222222222222222222222
22222222222222222222222222222222222222222222222222222222222222222222222222222222222222222222222222222222222222222222222
22221111111122222222222222222222222222222222222222222222222222222222222222222222222222222222222222222222222222222222222
22222211112222222222222222222222222222222222222222222222222222222222222222222222222222222222222222222222222222222222222
22222211112222222222222222222222222222222222222222222222222222222222222222222222222222222222222222222222222222222222222
22222211112222222222222222222222222222222222222222222222222222222222222222222222222211111111222222222222222222222222222
22222222222222222222222222222222222222222222222222222222222222222222222222222222222222111122222222222222222222222222222
22222222222222222222222222222222222222222222222222222222222222222222222222222222222222111122222222222222222222222222222
22222222222222222222222222222222222222222222222222222222222222222222222222222222222222111122222222222222222222222222222
22222222222222222211111111222222222222222222222222222222222222222222222222222222222222222222222222222222222222222222222
22222222222222222222111122222222222222222222222222222222222222222222222222222222222222222222222222111111122222222222222
22222222222222222222111122222222222222222222222222222222222222222222222222222222222222222222222222111111122222222222222
22222222222222222222111122222222222222222222222222222222111112222222222222222222222222222222222222111111122222222222222
22222222222222222222222222222222222222222222222222222221222221222222222222222222222222222222222222111111122222222222222
22222222222222222222222222222222222222222222222222222212222222122222222222222222222222222222222222111111122222222222222
22222222222222222222222222222222222222222222222222222212222222122222222222222222222222222222222222222222222222222222222
22222222222222222222222222222222222222222222222222222212222222122222222222222222222222222222222222222222222222222222222
11122221111111222211111111222222222222222222222222222211222221122222222222222222222222222211111111222211111111222221111
22122221222221222212222221122222222222222222222222222222111112222222222222222222222222222112222221222212222221122212222
22122221222221222212222222122222222222222222222222222222222222222222222222222222222222222122222221222212222222122212222
22122221222221222212222222112222222222222222222222222222222222222222222222222222222222222122222221222112222222122212222
22122221222221222212222222212222222222222222222222222222222222222222222222222222222222222122222221222122222222122212222
22111111222222111112222222212222222222222222222222222222222222222222222222222222222222222122222221111122222222111111122
22222222222222222222222222211122222222222222222222222222222222222222222222222222222211111122222222222122222222222222222
22222222222222222222222222222211222222222222222222222222222222222222222222222222222112222222222222222222222222222222222
22222222222222222222222222222221122222222222222222222222222222222222222222222222222122222222222222222222222222222222222
22222222222222222222222222222222122222222222222222222222222222222222222222222222222122222222222222222222222222222222222
22222222222222222222222222222222122222222222222222222222222222222222222222222222222122222222222222222222222222222222222
11111111111111111111111111111111122222222222222222222222222222222222222222222222222122222222222222222222222222222222222
22222222222222222222222222222222122222222222222222222222222222222222222222222222222122222222222222222222222222222222222
22222222222222222222222222222222111222222222222222222222222222222222222222222211111122222222222222222222222222222222222
22222222222222222222222222222222221111222222222222222222222222222222222222222211222222222222222222222222222222222222222
22222222222222222222222222222222222121222222222222222222222222222222222222222211222222222222222222222222222222222222222
22222222222222222222222222222222222121222222222222222222222222222222222222222222222222222222222222222222222222222222222
22222222222222222222222222222222222221222222222222222222222222222222222222222222222222222222222222222222222222222222222
22222222222222222222222222222222222222222222222222222222222222222222222222222222222222222222222222222222222222222222222
