14 34 37 12 50 50 50 50 50 50 70 70 70 70 70 50 51 51 51 51
14 34 37 12 50 50 50 50 50 50 70 70 70 70 70 50 51 51 51 51
14 34 37 12 50 50 50 50 50 50 70 70 70 70 70 50 51 51 51 51
14 34 37 12 50 50 50 50 50 50 70 70 70 70 70 50 51 51 51 51
14 34 37 12 50 50 50 50 50 50 70 70 70 70 70 50 51 51 51 51
14 34 37 12 50 50 50 50 50 50 70 70 70 70 70 50 51 51 51 51
14 34 37 12 50 50 50 50 50 50 70 70 70 70 70 50 51 51 51 51
14 34 37 12 50 50 50 50 50 50 70 70 70 70 70 50 51 51 51 51
56 14 34 37 11 11 12 50 50 50 70 70 70 70 70 50 51 51 51 51
56 14 34 37 11 11 12 50 50 50 70 70 70 70 70 50 51 51 51 51
56 14 34 37 11 11 12 50 50 50 70 70 70 70 70 50 51 51 51 51
