22222222222222222222222222222222222222111111222222222222222221222122222222222222222221111112222222222222222222222222122
2222222222222222222222222222222222222211111122222222222222222122212222222222222222211111111222222222222222222222222222122
222222222222222222222222222222222222222111112222222222222222212221222222222222222111111122222222222222222222222222222122
22222222222222222222222222222222222222211111222111111111111111222111111111111111111111122222222222222222222222222222122
22222222222222222222222222222222222222221111112222222222222221222122222222222222111111222222222222222222222222222222122
22222222222222222222222222222222222222222111111111111111111111222111111111111111111112222222222222222222222222222222122
22222222222222222222222222222222222222222222222222222222222222222222222222222222222222222222222222222222222222222222122
22222222222222222222222222222222222222222222222222222222222222222222222222222222222222222222222222222222222222222222122
22222222222222222222222222222222222222222222222222222222222222222222222222222222222222222222222222222222222222222222122
22222222222222222222222222222222222222222222222222222222222222222222222222222222222222222222222222222222222222222222122
22222222222222222222222222222222222222222222222222222222222222222222222222222222222222222222222222222222222222222222122
22222222222222222222222222222222222222222222222222222222222222222222222222222222222222222222222222222222222222222222122
22222222222222222222222222222222222222222222222222222222222222222222222222222222222222222222222222222222222222222222122
22222222222222222222222222222222222222222222222222222222222222222222222222222222222222222222222222222222222222222222122
22222222222222222222222222222222222222222222222222222222222222222222222222222222222222222222222222222222222222222222122
22222222222222222222222222222222222222222222222222222222222222222222222222222222222222222222222222222222222222222222122
11111111111111111111111111111111111111111111111111122222222222222222222222222211111111111111111111112222222222222222122
11111111111111111111111111111111111111111111111111122222222222222222222222222211111111111111111111112222222222222222122
22222222222222222222222222222222222222222222222222122222222222222222222222222212222222222222222222212222222222222222122
22222222222222222222222222222222222222222222222222122222222222222222222222222212222222222222222222212222222222222222122
22222222222222222222222222222222222222222222222222122222222222222222222222222212222222222222222222212222222222222222122
22222222222222222222222222222222222222222222222222122222222222222222222222222212222222222222222222212222222222222222122
22222222222222222222222222222222222222222222222222122222222222222222222222222212222222222222222222212222222222222222122
22222222222222222222222222222222222222222222222222122222222222222222222222222212222222222222222222212222222222222222122
22222222222222222222222222222222222222222222222222122222222222222222222222222212222222222222222222212222222222222222122
22222222222222222222222222222222222222222222222222122222222222222222222222222212222222222222222222212222222222222222122
22222222222222222222222222222222222222222222222222122222222222222222222222222212222222222222222222212222222222222222122
22222222222222222222222222222222222222222222222222122222222222222222222222222212222222222222222222212222222222222222122
22222222222222222222222222222222222222222222222222122222222222222222222222222212222222222222222222212222222222222222122
22222222222222222222222222222222222222222222222222122222222221111111222222222212222222222222222222212222222222222222122
22222222222222222222222222222222222222222222222222122222222211222221122222222212222222222222222222212222222222222222122
22222222222222222222222222222222222222222222222222122222222212222222122222222212222222222222222222212222222222222222122
22222222222222222222222222222222222222222222222222122222222212222222122222222212222222222222222222212222222222222222122
22222222222222222222222222222222222222222222222222122222222212222222122222222212222222222222222222212222222222222222122
22222222222222222222222222222222222222222222222222122222222212222222122222222212222222222222222222212222222222222222122
22222222222222222222222222222222222222222222222222122222222211111111122222222212222222222222222222212222222222222222122
22222222222222222222222222222222222222222222222222122222222211111111122222222212222222222222222222212222222222222222122
22222222222222222222222222222222222222222222222222122222222211111111122222222212222222222222222222212222222222222222122
22222222222222222222222222222222222222222222222222122222222222222222222222222212222222222222222222212222222222222222122
22222222222222222222222222222222222222222222222222122222222222222222222222222212222222222222222222212222222222222222122
22222222222222222222222222222222222222222222222222122222222222222222222222222212222222222222222222212222222222222222122
22222222221222212222222222222222222221222212222222122222222222222222222222222212222122221222222222212222222222222222122
22222222221222212222222222222222222221222212222222122222222222222222222222222212222122221222222222212222222222222222122
22222222221222212222222222222222222221222212222222122222222222222222222222222212222122221222222222212222222222222222122
22222222221222212222222222222222222221222212222222122222222222222222222222222212222122221222222222212222222222222222122
22222222221222212222222222222222222221222212222222122222222222222222222222222212222122221222222222212222222222222222122
11111111111222211111111111111111111111222211111111122222222222222222222222222211111122221111111111112222222222222222122
22222222222222222222222222222222222222222222111222222222222222222222222222222222222222222111222222222222222222222222122
22222222222222222222222222222222222222222222222222222222222222222222222222222222222222222222222222222222222222222222122
22222222222222222222222222222222222222222222222222222222222222222222222222222222222222222222222222222222222222222222122
22222222222222222222222222222222222222222222222222222222222222222222222222222222222222222222222222222222222222222222122
22222222222222222222222222222222222222222222222222222222222222222222222222222222222222222222222222222222222222222222122
22222222222222222222222222222222222222222222222222222222222222222222222222222222222222222222222222222222222222222222122
22222222222222222222222222222222222222222222222222222222222222222222222222222222222222222222222222222222222222222222122
22222222222222222222222222222222222222222222222222222222222222222222222222222222222222222222222222222222222222222222122
22222222222222222222222222222222222222222222222222222222222222222222222222222222222222222222222222222222222222222222122
22222222222222222222222222222222222222222222222222222222222222222222222222222222222222222222222222222222222222222222122
22222222222222222222222222222222222222222222222222222222222222222222222222222222222222222222222222222222222222222222122
22222222222222222222222222222222222222222222222222222222222222222222222222222222222222222222222222222222222222222222122
22222222222222222222222222222222222222222222222222222222222222222222222222222222222222222222222222222222222222222222122
22222222222222222222222222222222222222222222222222222222222222222222222222222222222222222222222222222222222222222222122
22222222222222222222222222222222222222222222222222222222222222222222222222222222222222222222222222222222222222222222111
22222222222222222222222222222222222222222222222222222222222222222222222222222222222222222222222222222222222222222222111
22222222222222222222222222222222222222222222222222222222222222222222222222222222222222222222222222222222222222222222111
11111111111111111111111111111111111111111111111111122222222222222221111111111111111111111111111111111111111111111111111
22222222222222222222222222222222222222222222222222122222222222222221111111111111111111111111111111111111111111111111111
22222222222222222222222222222222222222222222222222122222222222222221222222222222222222222222222222222222222222222222222
22222222222222222222222222222222222222222222222222122222222222222221222222222222222222222222222222222222222222222222222
22222222222222222222222222222222222222222222222222122222222222222222222222222222222222222222222222222222222222222222222
22222222222222222222222222222222222222222222222222222222222222222222222222222222222222222222222222222222222222222222222
