22222222222222222222222222222222222211111111111111111111111111111111111111111111222222222222222222222222222222222222222
22222222222222222222222222222222222211111111111111111111111111111111111111111111222222222222222222222222222222222222222
22222222222222222222222222222222222211111111111111111111111111111111111111111111222222222222222222222222222222222222222
22222222222222222222222222222222222211111111111222222222222222222222211111111111222222222222222222222222222222222222222
22222222222222222222222222222222222212222222221222222222222222222222212222222221222222222222222222222222222222222222222
22222222222222222222222222222222222212222222221221111122222222111122212222222221222222222222222222222222222222222222222
22222222222222222222222222222222222212222222221221111122222222111122212222222221222222222222222222222222222222222222222
22222222222222222222222222222222222212222222221221111122222222111122212222222221222222222222222222222222222222222222222
22222222222222222222222222222222222212222222221221111122222222111122212222222221222222222222222222222222222222222222222
22222222222222222222222222222222222212222222221222222222222222222222212222222221222222222222222222222222222222222222222
22222222222222222222222222222222222212222222221222222222222222222222212222222221222222222222222222222222222222222222222
22222222222222222222222222222222222212222222221111111112222221111111112222222221222222222222222222222222222222222222222
22222222222222222222222222222222222212222222221111111112222221111111112222222221222222222222222222222222222222222222222
22222222222222222222222222222222222212222222222222222212222221222222222222222221222222222222222222222222222222222222222
22222222222222222222222222222222222212222222222222222222222222222222222222222221222222222222222222222222222222222222222
22222222222222222222222222222222222212222222222222222222222222222222222222222221222222222222222222222222222222222222222
22222222222222222222222222222222222212222222222222222222222222222222222222222221222222222222222222222222222222222222222
22222222222222222222222222222222222212222222222221112222222222211122222222222221222222222222222222222222222222222222222
22222222222222222222222222222222222212222222222222222222222222222222222222222221222222222222222222222222222222222222222
22222222222222222222222222222222222212222222222222222222222222222222222222222221222222222222222222222222222222222222222
22222222222222222222222222222222222212222222222222222222222222222222222222222221222222222222222222222222222222222222222
22222222222222222222222222222222222212222222222222222222222222222222222222222221222222222222222222222222222222222222222
22222222222222222222222222222222222212222222222222222222222222222222222222222221222222222222222222222222222222222222222
22222222222222222222222222222222222212222222222222222222222222222222222222222221222222222222222222222222222222222222222
22222222222222222222222222222222222212222222222222222222222222222222222222222221222222222222222222222222222222222222222
22222222222222222222222222222222222212222222221111122222222222222211112222222221222222222222222222222222222222222222222
22222222222222222222222222222222222212222222221111122222222222222211112222222221222222222222222222222222222222222222222
22222222222222222222222222222222222212222222221111122222222222222211112222222221222222222222222222222222222222222222222
22222222222222222222222222222222222211111222221111122222222222222211112222211111222222222222222222222222222222222222222
22222222222222222222222222222222222211111222222222222222222222222222222222211111222222222222222222222222222222222222222
22222222222222222222222222222222222211111222222222222222222222222222222222211111222222222222222222222222222222222222222
22222222222222222222222222222222222211111222222222222222222222222222222222222221222222222222222222222222222222222222222
22222222222222222222222222222222222212222222222222222222222222222222222222222221222222222222222222222222222222222222222
22222222222222222222222222222222222212222222222222222222222222222222222222222221222222222222222222222222222222222222222
22222222222222222222222222222222222212222222222222222222222222222222222222222221222222222222222222222222222222222222222
22222222222222222222222222222222222212222222222222222222222222222222222222222221222222222222222222222222222222222222222
22222222222222222222222222222222222212222222222222222222222222222222222222222221222222222222222222222222222222222222222
22222222222222222222222222222222222212222222222222222222222222222222222222222221222222222222222222222222222222222222222
22222222222222222222222222222222222212222222211111222222222222222211112222222221222222222222222222222222222222222222222
22222222222222222222222222222222222212222222211111222222222222222211112222222221222222222222222222222222222222222222222
22222222222222222222222222222222222212222222211111222222222222222211112222222221222222222222222222222222222222222222222
22222222222222222222222222222222222212222222211111222222222222222211112222222221222222222222222222222222222222222222222
22222222222222222222222222222222222212222222222222222222222222222222222222222221222222222222222222222222222222222222222
22222222222222222222222222222222222212222222222222222222222222222222222222222221222222222222222222222222222222222222222
22222222222222222222222222222222222212222222222222222222222222222222222222222221222222222222222222222222222222222222222
22222222222222222222222222222222222211111222222222222222222222222222222222211111222222222222222222222222222222222222222
22222222222222222222222222222222222211111222222222222222222222222222222222211111222222222222222222222222222222222222222
22222222222222222222222222222222222211111222222222222222222222222222222222211111222222222222222222222222222222222222222
22222222222222222222222222222222222212222222222222222222222222222222222222222221222222222222222222222222222222222222222
22222222222222222222222222222222222212222222222222222222222222222222222222222221222222222222222222222222222222222222222
22222222222222222222222222222222222212222222222222222222222222222222222222222221222222222222222222222222222222222222222
22222222222222222222222222222222222212222222222222222222222222222211112222222221222222222222222222222222222222222222222
22222222222222222222222222222222222212222222221111222222222222222211112222222221222222222222222222222222222222222222222
22222222222222222222222222222222222212222222221111222222222222222211112222222221222222222222222222222222222222222222222
22222222222222222222222222222222222212222222221111222222222222222211112222222221222222222222222222222222222222222222222
22222222222222222222222222222222222212222222221111222222222222222222222222222221222222222222222222222222222222222222222
22222222222222222222222222222222222212222222222222222222222222222222222222222221222222222222222222222222222222222222222
22222222222222222222222222222222222212222222222222222222222222222222222222222221222222222222222222222222222222222222222
22222222222222222222222222222222222212222222222222222222222222222222222222222221222222222222222222222222222222222222222
22222222222222222222222222222222222211111222222222222222222222222222222222211111222222222222222222222222222222222222222
22222222222222222222222222222222222211111222222222222222222222222222222222211111222222222222222222222222222222222222222
22222222222222222222222222222222222211111222222222222222222222222222222222211111222222222222222222222222222222222222222
22222222222222222222222222222222222212222222222222222222222222222222222222222221222222222222222222222222222222222222222
22222222222222222222222222222222222212222222222222222222222222222222222222222221222222222222222222222222222222222222222
22222222222222222222222222222222222212222222222222222222222222222222222222222221222222222222222222222222222222222222222
22222222222222222222222222222222222212222222222222222222222222222222222222222221222222222222222222222222222222222222222
22222222222222222222222222222222222212222222222222222222222222222222222222222221222222222222222222222222222222222222222
22222222222222222222222222222222222211111111111111222222222222222111111111111111222222222222222222222222222222222222222
22222222222222222222222222222222222211111111111111222222222222222111111111111111222222222222222222222222222222222222222
22222222222222222222222222222222222211111111111111111111111111111111111111111111222222222222222222222222222222222222222
