22222222222222222222222222222222222222222222222222222222222222222222222222222222222222222222222222222222222222222222222
22222222222222222222222222222222222222222222222222222222222222222222222222222222222222222222222222222222222222222222222
22222222222222222222222222222222222222222222222222222222222222222222222222222222222222222222222222222222222222222222222
22222222222222222222222222222222222222222222222222222222222222222222222222222222222222222222222222222222222222222222222
22222222222222222222222222222222222222222222222222222222222222222222222222222222222222222222222222222222222222222222222
22222222222222222222222222222222222222222222222222222222222222222222222222222222222222222222222222222222222222222222222
22222222222222222222222222222222222222222222222222222222222222222222222222222222222222222222222222222222222222222222222
22222222222222222222222222222222222222222222222222222222222222222222222222222222222222222222222222222222222222222222222
22222222222222222222222222222222222222222222222222222222222222222222222222222222222222222222222222222222222222222222222
22222222222222222222222222222222222222222222222222222222222222222222222222222222222222222222222222222222222222222222222
22222222222222222222222222222222222222222222222222222222222222222222222222222222222222222222222222222222222222222222222
22222222222222222222222222222222222222222222222222222222222222222222222222222222222222222222222222222222222222222222222
22222222222222222222222222222222222222222222222222222222222222222222222222222222222222222222222222222222222222222222222
22222222222222222222222222222222222222222222222222222222222222222222222222222222222222222222222222222222222222222222222
22222222222222222222222222222222222222222222222222222222222222222222222222222222222222222222222222222222222222222222222
22222222222222222222222222222222222222222222222222222222222222222222222222222222222222222222222222222222222222222222222
22222222222222222222222222222222222222222222222222222222222222222222222222222222222222222222222222222222222222222222222
22222222222222222222222222222222222222222222222222222222222222222222222222222222222222222222222222222222222222222222222
22222222222222222222222222222222222222222222222222222222222222222222222222222222222222222222222222222222222222222222222
22222222222222222222222222222222222222222222222222222222222222222222222222222222222222222222222222222222222222222222222
22222222222222222222222222222222222222222222222222222222222222222222222222222222222222222222222222222222222222222222222
22222222222222222222222222222222222222222222222222222222222222222222222222222222222222222222222222222222222222222222222
22222222222222222222222222222222222222222222222222222222222222222222222222222222222222222222222222222222222222222222222
22222222222222222222222222222222222222222222222222222222222222222222222222222222222222222222222222222222222222222222222
22222222222222222222222222222222222222222222222222222222222222222222222222222222222222222222222222222222222222222222222
22222222222222222222222222222222222222221111111111111111111111111111111122222222222222222222222222222222222222222222222
22222222222222222222222222222222222222221222222222222222222222222222222122222222222222222222222222222222222222222222222
22222222222222222222222222222222222222221222222222222222222222222222222122222222222222222222222222222222222222222222222
22222222222222222222222222222222222222221222222222222222222222222222222122222222222222222222222222222222222222222222222
22222222222222222222222222222222222222221222222222111222222222222222222122222222222222222222222222222222222222222222222
22222222222222222222222222222222222222221222222221111122222222222222222122222222222222222222222222222222222222222222222
22222222222222222222222222222222222222221222222221111122222222222222111122222222222222222222222222222222222222222222222
22222222222222222222222222222222222222221222221111111111122222222222111122222222222222222222222222222222222222222222222
22222222222222222222222222222222222222221222221111111111122222222222111122222222222222222222222222222222222222222222222
22222222222222222222222222222222222222221222221111111111122222222222111122222222222222222222222222222222222222222222222
22222222222222222222222222222222222222221222221111111111122222222222111122222222222222222222222222222222222222222222222
22222222222222222222222222222222222222221222222211111112222222222222111122222222222222222222222222222222222222222222222
22222222222222222222222222222222222222221222222221111122222222222222222122222222222222222222222222222222222222222222222
22222222222222222222222222222222222222221222222222111222222222222222222122222222222222222222222222222222222222222222222
22222222222222222222222222222222222222221222222222222222222222222222222122222222222222222222222222222222222222222222222
22222222222222222222222222222222222222221222222222222222222222222222222122222222222222222222222222222222222222222222222
22222222222222222222222222222222222222221222222222222222222222222222222122222222222222222222222222222222222222222222222
22222222222222222222222222222222222222221222222222222222222222222222222122222222222222222222222222222222222222222222222
22222222222222222222222222222222222222221222222222222222222222222211111122222222222222222222222222222222222222222222222
22222222222222222222222222222222222222221222222222222222222222222211111122222222222222222222222222222222222222222222222
22222222222222222222222222222222222222221222222222222222222222222211111122222222222222222222222222222222222222222222222
22222222222222222222222222222222222222221222222222222222222222222211111122222222222222222222222222222222222222222222222
22222222222222222222222222222222222222221111112222222222222222222211111122222222222222222222222222222222222222222222222
22222222222222222222222222222222222222221111112222222222222222222211111122222222222222222222222222222222222222222222222
22222222222222222222222222222222222222221111111222222222222222222211111122222222222222222222222222222222222222222222222
22222222222222222222222222222222222222221111111111111112221111111111111122222222222222222222222222222222222222222222222
22222222222222222222222222222222222222222222222222222222222222222222222222222222222222222222222222222222222222222222222
22222222222222222222222222222222222222222222222222222222222222222222222222222222222222222222222222222222222222222222222
22222222222222222222222222222222222222222222222222222222222222222222222222222222222222222222222222222222222222222222222
22222222222222222222222222222222222222222222222222222222222222222222222222222222222222222222222222222222222222222222222
22222222222222222222222222222222222222222222222222222222222222222222222222222222222222222222222222222222222222222222222
22222222222222222222222222222222222222222222222222222222222222222222222222222222222222222222222222222222222222222222222
22222222222222222222222222222222222222222222222222222222222222222222222222222222222222222222222222222222222222222222222
22222222222222222222222222222222222222222222222222222222222222222222222222222222222222222222222222222222222222222222222
22222222222222222222222222222222222222222222222222222222222222222222222222222222222222222222222222222222222222222222222
22222222222222222222222222222222222222222222222222222222222222222222222222222222222222222222222222222222222222222222222
22222222222222222222222222222222222222222222222222222222222222222222222222222222222222222222222222222222222222222222222
22222222222222222222222222222222222222222222222222222222222222222222222222222222222222222222222222222222222222222222222
22222222222222222222222222222222222222222222222222222222222222222222222222222222222222222222222222222222222222222222222
22222222222222222222222222222222222222222222222222222222222222222222222222222222222222222222222222222222222222222222222
22222222222222222222222222222222222222222222222222222222222222222222222222222222222222222222222222222222222222222222222
22222222222222222222222222222222222222222222222222222222222222222222222222222222222222222222222222222222222222222222222
22222222222222222222222222222222222222222222222222222222222222222222222222222222222222222222222222222222222222222222222
22222222222222222222222222222222222222222222222222222222222222222222222222222222222222222222222222222222222222222222222
22222222222222222222222222222222222222222222222222222222222222222222222222222222222222222222222222222222222222222222222
