36 36 36 36 36 36 36 36 36 36 36 36 36 36 36 36 36 36 36 36
36 36 36 36 36 36 36 36 36 36 36 36 36 36 36 36 36 36 36 36
36 36 36 36 36 36 36 36 36 36 36 36 36 36 36 36 36 36 36 36
36 36 59 37 37 37 60 36 36 36 36 36 36 36 36 36 36 36 36 36
36 36 16 38 38 38 49 36 36 36 36 36 36 36 36 36 36 36 36 36
36 36 16 38 38 38 49 36 36 36 36 36 36 36 36 36 36 36 36 36
36 36 16 38 38 38 49 36 36 36 36 36 36 36 36 36 36 36 36 36
36 36 57 55 55 55 62 36 36 36 36 36 36 36 36 36 36 36 36 36
36 36 36 36 36 36 36 36 36 36 36 36 36 36 36 36 36 36 36 36
36 36 36 36 36 36 36 36 36 36 36 36 36 36 36 36 36 36 36 36
36 36 36 36 36 36 36 36 36 36 36 36 36 36 36 36 36 36 36 36
