22222222222222222222222222222222222222222222222222222222222222222222222222222222222222222222222222222222222222222222222
22222222222222222222222222222222222222222222222222222222222222222222222222222222222222222222222222222222222222222222222
22222222222222222222222222222222222222222222222222222222222222222222222222222222222222222222222222222222222222222222222
22222222222222222222222222222222222222222222222222222222222222222222222222222222222222222222222222222222222222222222222
22222222222222222222222222222222222222222222222222222222222222222222222222222222222222222222222222222222222222222222222
22222222222222222222222222222222222222222222222222222222222222222222222222222222222222222222222222222222222222222222222
22222222222222222222222222222222222222222222222222222222222222222222222222222222222222222222222222222222222222222222222
22222222222222222222222222222222222222222222222222222222222222222222222222222222222222222222222222222222222222222222222
22222222222222222222222222222222222222222222222222222222222222222222222222222222222222222222222222222222222222222222222
22222222222222222222222222222222222222222222222222222222222222222222222222222222222222222222222222222222222222222222222
22222222222222222222222222222222222222222222222222222222222222222222222222222222222222222222222222222222222222222222222
22222222222222222222222222222222222222222222222222222222222222222222222222222222222222222222222222222222222222222222222
22222222222222222222222222222222222222222222222222222222222222222222222222222222222222222222222222222222222222222222222
22222222222222222222222222222222222222222222222222222222222222222222222222222222222222222222222222222222222222222222222
22222222222222222222222222222222222222222222222222222222222222222222222222222222222222222222222222222222222222222222222
22222222222222222222222222222222222222222222222222222222222222222222222222222222222222222222222222222222222222222222222
22222222222222222222222222222222222222222222222222222222222222222222222222222222222222222222222222222222222222222222222
22222222222222222222222222222222222222222222222222222222222222222222222222222222222222222222222222222222222222222222222
22222222222222222222222222222222222222222222222222222222222222222222222222222222222222222222222222222222222222222222222
22222222222222222222222222222222222222222222222222222222222222222222222222222222222222222222222222222222222222222222222
22222222222222222222222222222222222222222222222222222222222222222222222222222222222222222222222222222222222222222222222
22222222222222222222222222222222222222222222222222222222222222222222222222222222222222222222222222222222222222222222222
22222222222222222222222222222222222222222222222222222222222222222222222222222222222222222222222222222222222222222222222
22222222222222222222222222222222222222222222222222222222222222222222222222222222222222222222222222222222222222222222222
22222222222222222222222222222222222222222222222222222222222222222222222222222222222222222222222222222222222222222222222
22222222222222222222222222222222222222221111111111111111111111111111111122222222222222222222222222222222222222222222222
22222222222222222222222222222222222222221222222222222222222222111111111122222222222222222222222222222222222222222222222
22222222222222222222222222222222222222221222222222222222222222111111111122222222222222222222222222222222222222222222222
22222222222222222222222222222222222222221222222222222222222222111111111122222222222222222222222222222222222222222222222
22222222222222222222222222222222222222221222222222222222222222222222111122222222222222222222222222222222222222222222222
22222222222222222222222222222222222222221222222222222222222222222222111122222222222222222222222222222222222222222222222
22222222222222222222222222222222222222221111222222222222222222222222222122222222222222222222222222222222222222222222222
22222222222222222222222222222222222222221111222222222222222222222222222122222222222222222222222222222222222222222222222
22222222222222222222222222222222222222221111222222222222222222222222222122222222222222222222222222222222222222222222222
22222222222222222222222222222222222222221111222222222222222222222222222122222222222222222222222222222222222222222222222
22222222222222222222222222222222222222221111222222222222222221111222222122222222222222222222222222222222222222222222222
22222222222222222222222222222222222222221111222222222222222111111111122122222222222222222222222222222222222222222222222
22222222222222222222222222222222222222221111222222222222221111111111122122222222222222222222222222222222222222222222222
22222222222222222222222222222222222222221111222222222222222111111112222122222222222222222222222222222222222222222222222
22222222222222222222222222222222222222221222222222222222222222222222222122222222222222222222222222222222222222222222222
22222222222222222222222222222222222222221222222222222222222222222222222122222222222222222222222222222222222222222222222
22222222222222222222222222222222222222221222222222222222222222222222222122222222222222222222222222222222222222222222222
22222222222222222222222222222222222222221222222222222222222222222222222122222222222222222222222222222222222222222222222
22222222222222222222222222222222222222221222222222222222222222222222222122222222222222222222222222222222222222222222222
22222222222222222222222222222222222222221222222222222222222222222222222122222222222222222222222222222222222222222222222
22222222222222222222222222222222222222221222222222222222222222222222222122222222222222222222222222222222222222222222222
22222222222222222222222222222222222222221222222222222222222222222222222122222222222222222222222222222222222222222222222
22222222222222222222222222222222222222221222222222222222222111111122111122222222222222222222222222222222222222222222222
22222222222222222222222222222222222222221222222222222222222111111122111122222222222222222222222222222222222222222222222
22222222222222222222222222222222222222221222222222222222222111111122111122222222222222222222222222222222222222222222222
22222222222222222222222222222222222222221111111111111112221111111111111122222222222222222222222222222222222222222222222
22222222222222222222222222222222222222222222222222222222222222222222222222222222222222222222222222222222222222222222222
22222222222222222222222222222222222222222222222222222222222222222222222222222222222222222222222222222222222222222222222
22222222222222222222222222222222222222222222222222222222222222222222222222222222222222222222222222222222222222222222222
22222222222222222222222222222222222222222222222222222222222222222222222222222222222222222222222222222222222222222222222
22222222222222222222222222222222222222222222222222222222222222222222222222222222222222222222222222222222222222222222222
22222222222222222222222222222222222222222222222222222222222222222222222222222222222222222222222222222222222222222222222
22222222222222222222222222222222222222222222222222222222222222222222222222222222222222222222222222222222222222222222222
22222222222222222222222222222222222222222222222222222222222222222222222222222222222222222222222222222222222222222222222
22222222222222222222222222222222222222222222222222222222222222222222222222222222222222222222222222222222222222222222222
22222222222222222222222222222222222222222222222222222222222222222222222222222222222222222222222222222222222222222222222
22222222222222222222222222222222222222222222222222222222222222222222222222222222222222222222222222222222222222222222222
22222222222222222222222222222222222222222222222222222222222222222222222222222222222222222222222222222222222222222222222
22222222222222222222222222222222222222222222222222222222222222222222222222222222222222222222222222222222222222222222222
22222222222222222222222222222222222222222222222222222222222222222222222222222222222222222222222222222222222222222222222
22222222222222222222222222222222222222222222222222222222222222222222222222222222222222222222222222222222222222222222222
22222222222222222222222222222222222222222222222222222222222222222222222222222222222222222222222222222222222222222222222
22222222222222222222222222222222222222222222222222222222222222222222222222222222222222222222222222222222222222222222222
22222222222222222222222222222222222222222222222222222222222222222222222222222222222222222222222222222222222222222222222
22222222222222222222222222222222222222222222222222222222222222222222222222222222222222222222222222222222222222222222222
