21222222222222222222222222222222222222222222222222222222222222222222222222222222222222222222222222222222222222222222112
21222222222222222222222222222222222222222222222222222222222222222222222222222222222222222222222222222222222222222222112
21222222222222222222222222222222222222222222222222222222222222222222222222222222222222222222222222222222222222222222112
21222222222222222222222222222222222222222222222222222222222222222222222222222222222222222222222222222222222222222222122
21222211111222222222222222222111112222222222222222222222222222222222222222222222222222222222222222222222222222222222122
21222111111122222222222222221111111222222222222222222222222222222222222222222222222222222222222222222222222222222222122
21222111111122222222222222221111111222222222222222222222222222222222222222222222222222222222222222222222222222222222122
21222221111112222221112222222211122222222222222222222222222222222222222222222222222222222222222222222222222222222222122
21222221111112222211111222222211122222222222222222222222222222222222222222222222222222222222222222222222222222222222122
21222222211111122222222222222222222222222222222222222222222222222222222222222222222222222222222222222222222222222222122
21222222211111122222222222222222222222222222222222222222222222222222222222222222222222222222222222222222222222222222122
21222222222111222222222222222222222222222222222222222222222222222222222222222222222222222222222222222222222222222222122
21222222222111222222222222222222222222222222222222222222222222222222222222222222222222222222222222222222222222222222122
21222222222222222222222222222222222222222222222222222222222222222222222222222222222222222222222222222222222222222222122
21222222222222222222222222222222222222222222222222222222222222222222222222222222222222222222222222222222222222222222122
21222222222222222222222222222222222222222222222222222222222222222222222222222222222222222222222222222222222222222222122
21222222222222222222222222222222222222222222222222222222222222222222222222222222222222222222222222222222222222222222122
21222222222222222222222222222222222222222222222222222222222222222222222222222222222222222222222222222222222222222222122
21222222222222222222222222222222222222222222222222222222222222222222222222222222222222222222222222222222222222222222122
21222222222222222222222222222222222222222222222222222222222222222222222222222222222222222222222222222222222222222222122
21222222222222222222222222222222222222222222222222222222222222222222222222222222222222222222222222222222222222222222122
21222222222222222222222222222222222222222222222222222222222222222222222222222222222222222222222222222222222222222222122
21222222222222222222222222222222222222222222222222222222222222222222222222222222222222222222222222222222222222222222122
21222222222222222222222222222222222222222222222222222222222222222222222222222222222222222222222222222222222222222222122
21222222222222222222222222222222222222222222222222222222222222222222222222222222222222222222222222222222222222222222122
21222222222222222222222222222222222222222222222222222222222222222222222222222222222222222222222222222222222222222222122
21222222222222222222222222222222222222222222222222222222222222222222222222222222222222222222222222222222222222222222122
21222222222222222222222222222222222222222222222222222222222222222222222222222222222222222222222222222222222222222222122
21222222222222222222222222222222222222222222222222222222222222222222222222222222222222222222222222222222222222222222122
21222222222222222222222222222222222222222222222222222222222222222222222222222222222222222222222222222222222222222222122
21222222222222222222222222222222222222222222222222222222222222222222222222222222222222222222222222222222222222222222122
21222222222222222222222222222222222222222222222222222222222222222222222222222222222222222222222222222222222222222222122
21222222222222222222222222222222222222222222222222222222222222222222222222222222222222222222222222222222222222222222122
21222222222222222222222222222222222222222222222222222222222222222222222222222222222222222222222222222222222222222222122
21222222222222222222222222222222222222222222222222222222222222222222222222222222222222222222222222222222222222222222122
21222222222222222222222222222222222222222222222222222222222222222222222222222222222222222222222222222222222222222222122
21222222222222222222222222222222222222222222222222222222222222222222222222222222222222222222222222222222222222222222122
21222222222222222222222222222222222222222222222222222222222222222222222222222222222222222222222222222222222222222222122
21222222222222222222222222222222222222222222222222222222222222222222222222222222222222222222222222222222222222222222122
21222222222222222222222222222222222222222222222222222222222222222222222222222222222222222222222222222222222222222222122
21222222222222222222222222222222222222222222222222222222222222222222222222222222222222222222222222222222222222222222122
21222222222222222222222222222222222222222222222222222222222222222222222222222222222222222222222222222222222222222222122
21222222222222222222222222222222222222222222222222222222222222222222222222222222222222222222222222222222222222222222122
21222222222222222222222222222222222222222222222222222222222222222222222222222222222222222222222222222222222222222222122
21222222222222222222222222222222222222222222222222222222222222222222222222222222222222222222222222222222222222222222122
21222222222222222222222222222222222222222222222222222222222222222222222222222222222222222222222222222222222222222222122
21222222222222222222222222222222222222222222222222222222222222222222222222222222222222222222222222222222222222222222122
21222222222222222222222222222222222222222222222222222222222222222222222222222222222222222222222222222222222222222222122
21222222222222222222222222222222222222222222222222222222222222222222222222222222222222222222222222222222222222222222122
21222222222222222222222222222222222222222222222222222222222222222222222222222222222222222222222222222222222222222222122
21222222222222222222222222222222222222222222222222222222222222222222222222222222222222222222222222222222222222222222122
21222222222222222222222222222222222222222222222222222222222222222222222222222222222222222222222222222222222222222222122
21222222222222222222222222222222222222222222222222222222222222222222222222222222222222222222222222222222222222222222122
21222222222222222222222222222222222222222222222222222222222222222222222222222222222222222222222222222222222222222222122
21222222222222222222222222222222222222222222222222222222222222222222222222222222222222222222222222222222222222222222122
21222222222222222222222222222222222222222222222222222222222222222222222222222222222222222222222222222222222222222222122
21222222222222222222222222222222222222222222222222222222222222222222222222222222222222222222222222222222222222222222122
21222222222222222222222222222222222222222222222222222222222222222222222222222222222222222222222222222222222222222222122
21222222222222222222222222222222222222222222222222222222222222222222222222222222222222222222222222222222222222222222122
21222222222222222222222222222222222222222222222222222222222222222222222222222222222222222222222222222222222222222222122
21222222222222222222222222222222222222222222222222222222222222222222222222222222222222222222222222222222222222222222122
21222222222222222222222222222222222222222222222222222222222222222222222222222222222222222222222222222222222222222222122
21222222222222222222222222222222222222222222222222222222222222222222222222222222222222222222222222222222222222222222122
21222222222222222222222222222222222222222222222222222222222222222222222222222222222222222222222222222222222222222222122
21222222222222222222222222222222222222222222222222222222222222222222222222222222222222222222222222222222222222222222122
21222222222222222222222222222222222222222222222222222222222222222222222222222222222222222222222222222222222222222222122
21222222222222222222222222222222222222222222222222222222222222222222222222222222222222222222222222222222222222222222122
21222222222222222222222222222222222222222222222222222222222222222222222222222222222222222222222222222222222222222222122
21111111111111111111111111111111111111111111111111111111111111111111111111111111111111111111111111111111111111111111122
22222222222222222222222222222222222222222222222222222222222222222222222222222222222222222222222222222222222222222222222
