22222222222222222222222222222222222222222222222222222222222222222222222222222222222222222222222222222222222222222222222
22222222222222222222222222222222222222222222222222222222222222222222222222222222222222222222222222222222222222222222222
22222222222222222222222222222222222222222222222222222222222222222222222222222222222222222222222222222222222222222222222
22222222222222222222222222222222222222222222222222222222222222222222222222222222222222222222222222222222222222222222222
22222222222222222222222222222222222222222222222222222222222222222222222222222222222222222222222222222222222222222222222
22222222222222222222222222222222222222222222222222222222222222222222222222222222222222222222222222222222222222222222222
22222222222222222222222222222222222222222222222222222222222222222222222222222222222222222222222222222222222222222222222
22222222222222222222222222222222222222222222222222222222222222222222222222222222222222222222222222222222222222222222222
22222222222222222222222222222222222222222222222222222222222222222222222222222222222222222222222222222222222222222222222
22222222222222222222222222222222222222222222222222222222222222222222222222222222222222222222222222222222222222222222222
22222222222222222222222222222222222222222222222222222222222222222222222222222222222222222222222222222222222222222222222
22222222222222222222222222222222222222222222222222222222222222222222222222222222222222222222222222222222222222222222222
22222222222222222222222222222222222222222222222222222222222222222222222222222222222222222222222222222222222222222222222
22222222222222222222222222222222222222222222222222222222222222222222222222222222222222222222222222222222222222222222222
22222222222222222222222222222222222222222222222222222222222222222222222222222222222222222222222222222222222222222222222
22222222222222222222222222222222222222222222222222222222222222222222222222222222222222222222222222222222222222222222222
22222222222222222222222222222222222222222222222222222222222222222222222222222222222222222222222222222222222222222222222
22222222222222222222222222222222222222222222222222222222222222222222222222222222222222222222222222222222222222222222222
22222222222222222222222222222222222222222222222222222222222222222222222222222222222222222222222222222222222222222222222
22222222222222222222222222222222222222222222222222222222222222222222222222222222222222222222222222222222222222222222222
22222222222222222222222222222222222222222222222222222222222222222222222222222222222222222222222222222222222222222222222
22222222222222222222222222222222222222222222222222222222222222222222222222222222222222222222222222222222222222222222222
22222222222222222222222222222222222222222222222222222222222222222222222222222222222222222222222222222222222222222222222
22222222222222222222222222222222222222222222222222222222222222222222222222222222222222222222222222222222222222222222222
22222222222222222222222222222222222222222222222222222222222222222222222222222222222222222222222222222222222222222222222
22222222222222222222222222222222222222221111111111111111111111111111111122222222222222222222222222222222222222222222222
22222222222222222222222222222222222222221222222222222222222222111111111122222222222222222222222222222222222222222222222
22222222222222222222222222222222222222221222222222222222222222111111111122222222222222222222222222222222222222222222222
22222222222222222222222222222222222222221222222222222222222222111111111122222222222222222222222222222222222222222222222
22222222222222222222222222222222222222221222222222222222222222222222222122222222222222222222222222222222222222222222222
22222222222222222222222222222222222222221222222222222222222222222222222122222222222222222222222222222222222222222222222
22222222222222222222222222222222222222221222222222222222222222222222222122222222222222222222222222222222222222222222222
22222222222222222222222222222222222222221222222222222222222222222222222122222222222222222222222222222222222222222222222
22222222222222222222222222222222222222221222222222222222222222222222222122222222222222222222222222222222222222222222222
22222222222222222222222222222222222222221222222222222222222222222222222122222222222222222222222222222222222222222222222
22222222222222222222222222222222222222221222222222222222222222222222222122222222222222222222222222222222222222222222222
22222222222222222222222222222222222222221222222222222222222222222222222122222222222222222222222222222222222222222222222
22222222222222222222222222222222222222221222222222222222222222222222222122222222222222222222222222222222222222222222222
22222222222222222222222222222222222222221222222222222222222222222222222122222222222222222222222222222222222222222222222
22222222222222222222222222222222222222221222222222222222222222222222222122222222222222222222222222222222222222222222222
22222222222222222222222222222222222222221222222222222222222222222222222122222222222222222222222222222222222222222222222
22222222222222222222222222222222222222221222222222222222222222222222222122222222222222222222222222222222222222222222222
22222222222222222222222222222222222222221222222222222222222222222222222122222222222222222222222222222222222222222222222
22222222222222222222222222222222222222221222222222222222222222222222222122222222222222222222222222222222222222222222222
22222222222222222222222222222222222222221222222222222222222222222222222122222222222222222222222222222222222222222222222
22222222222222222222222222222222222222221222222222222222222222222222222122222222222222222222222222222222222222222222222
22222222222222222222222222222222222222221222222222222222222222222222222122222222222222222222222222222222222222222222222
22222222222222222222222222222222222222221222222222222222222222222222222122222222222222222222222222222222222222222222222
22222222222222222222222222222222222222221222222222222222222222222222222122222222222222222222222222222222222222222222222
22222222222222222222222222222222222222221222222222222222222222222222222122222222222222222222222222222222222222222222222
22222222222222222222222222222222222222221111111111111112222111111111111122222222222222222222222222222222222222222222222
22222222222222222222222222222222222222222222222222222222222222222222222222222222222222222222222222222222222222222222222
22222222222222222222222222222222222222222222222222222222222222222222222222222222222222222222222222222222222222222222222
22222222222222222222222222222222222222222222222222222222222222222222222222222222222222222222222222222222222222222222222
22222222222222222222222222222222222222222222222222222222222222222222222222222222222222222222222222222222222222222222222
22222222222222222222222222222222222222222222222222222222222222222222222222222222222222222222222222222222222222222222222
22222222222222222222222222222222222222222222222222222222222222222222222222222222222222222222222222222222222222222222222
22222222222222222222222222222222222222222222222222222222222222222222222222222222222222222222222222222222222222222222222
22222222222222222222222222222222222222222222222222222222222222222222222222222222222222222222222222222222222222222222222
22222222222222222222222222222222222222222222222222222222222222222222222222222222222222222222222222222222222222222222222
22222222222222222222222222222222222222222222222222222222222222222222222222222222222222222222222222222222222222222222222
22222222222222222222222222222222222222222222222222222222222222222222222222222222222222222222222222222222222222222222222
22222222222222222222222222222222222222222222222222222222222222222222222222222222222222222222222222222222222222222222222
22222222222222222222222222222222222222222222222222222222222222222222222222222222222222222222222222222222222222222222222
22222222222222222222222222222222222222222222222222222222222222222222222222222222222222222222222222222222222222222222222
22222222222222222222222222222222222222222222222222222222222222222222222222222222222222222222222222222222222222222222222
22222222222222222222222222222222222222222222222222222222222222222222222222222222222222222222222222222222222222222222222
22222222222222222222222222222222222222222222222222222222222222222222222222222222222222222222222222222222222222222222222
22222222222222222222222222222222222222222222222222222222222222222222222222222222222222222222222222222222222222222222222
22222222222222222222222222222222222222222222222222222222222222222222222222222222222222222222222222222222222222222222222
